Size of BUFFER   100
Average of this number   10
Max angle Difference  5
59



88.45978614
89.86418498
84.22746958
75.27714934
62.26125505
45.85804343
26.04072009
11.85386707
3.509265953
7.423431296
12.22020405
23.28074675
40.20696715
63.98501248
83.11972206
76.3856505
85.96317289
76.24589319
70.71452017
64.52408342
59.19202872
51.20654001
43.17862551
35.27914775
26.50570315
17.52403213
23.31596622
27.17294632
34.47103346
50.31190837
62.74788983
75.1962252
82.27083431
80.50527446
82.31460518
88.40219325
78.55921693
64.89428606
57.2165702
41.30185926
51.06414058
48.65921097
38.49995412
27.15857439
45.41436673
10.64598108
23.33902829
22.13863104
24.37129152
37.37102006
51.90104447
62.35786498
76.79653601
88.96262016
74.96787861
62.99273663
69.77404467
76.96641879
85.93267911
